#include <a_samp>


public OnFilterScriptInit()
{
// 삼성 자동차 센터
CreateObject(969,-1659.425,1224.652,20.323,0.0,0.0,-45.000);
CreateObject(971,-1656.456,1221.649,23.663,0.0,0.0,-45.000);
CreateObject(971,-1652.341,1217.635,23.787,0.0,0.0,-225.000);
CreateObject(971,-1645.588,1210.531,23.962,0.0,0.0,-45.000);
CreateObject(971,-1656.411,1221.405,16.447,0.0,0.0,-45.000);
CreateObject(971,-1652.671,1217.489,16.416,0.0,0.0,-45.000);
CreateObject(971,-1645.277,1210.246,16.191,0.0,0.0,-45.000);
CreateObject(969,-1658.886,1224.037,6.417,0.0,0.0,-45.000);
CreateObject(969,-1655.622,1220.493,6.347,0.0,0.0,-45.000);
CreateObject(969,-1648.728,1213.845,6.347,0.0,0.0,-45.000);
CreateObject(969,-1644.043,1201.299,20.147,0.0,-89.381,-112.500);
CreateObject(969,-1642.034,1206.784,20.323,0.0,-90.241,72.193);
CreateObject(969,-1642.577,1204.625,11.431,0.0,-90.241,71.797);
CreateObject(969,-1642.024,1206.633,12.875,0.0,-90.241,69.219);
CreateObject(996,-1643.339,1201.075,6.942,0.0,0.0,0.0);
CreateObject(996,-1642.844,1208.060,7.086,0.0,0.0,-45.000);
CreateObject(955,-1648.586,1202.598,6.653,0.0,0.0,-180.000);
CreateObject(643,-1668.934,1217.013,6.720,0.0,0.0,0.0);
CreateObject(643,-1653.275,1208.361,13.142,0.0,0.0,0.0);
CreateObject(643,-1679.392,1210.098,20.627,0.0,0.0,0.0);
CreateObject(643,-1679.250,1213.213,20.627,0.0,0.0,0.0);
CreateObject(643,-1677.012,1208.224,20.627,0.0,0.0,0.0);
CreateObject(625,-1681.565,1210.120,21.212,0.0,0.0,0.0);
CreateObject(625,-1668.921,1223.531,7.018,0.0,0.0,12.032);
CreateObject(625,-1640.961,1202.058,7.141,0.0,0.0,12.032);
CreateObject(3515,-1658.995,1212.147,32.543,0.0,0.0,0.0);
CreateObject(643,-1656.220,1209.798,32.378,0.0,0.0,0.0);
CreateObject(643,-1655.188,1212.895,32.377,0.0,0.0,0.0);
CreateObject(643,-1656.314,1215.965,32.377,0.0,0.0,0.0);
CreateObject(643,-1660.435,1217.397,32.377,0.0,0.0,0.0);
CreateObject(643,-1663.682,1214.605,32.368,0.0,0.0,0.0);
CreateObject(643,-1662.361,1210.689,32.383,0.0,0.0,0.0);
CreateObject(643,-1658.858,1208.522,32.386,0.0,0.0,0.0);
CreateObject(18273,-1582.345,1205.979,29.301,0.0,0.0,0.0);
CreateObject(621,-1665.440,1228.325,31.810,0.0,0.0,0.0);
CreateObject(621,-1667.225,1227.044,31.810,0.0,0.0,0.0);
CreateObject(3627,-1647.432,1305.332,9.868,0.0,0.0,-135.859);

	return 1;
}

public OnFilterScriptExit()
{
	return 1;
}

