#include <a_samp>


public OnFilterScriptInit()
{
// 오브젝트 삼입
// 데저트가 만든 왕카 옵젝
CreateObject(4014,-1902.600,302.925,50.942,0.0,0.0,0.0);
CreateObject(8168,-1970.485,299.665,36.120,0.0,0.0,16.329);
CreateObject(8169,-1928.141,311.209,47.201,0.0,0.0,14.610);
CreateObject(8169,-1934.925,311.383,47.225,0.0,0.0,14.610);
CreateObject(8169,-1934.712,315.912,47.198,0.0,0.0,14.610);
CreateObject(8169,-1928.071,315.213,47.200,0.0,0.0,14.610);
CreateObject(8169,-1934.657,317.956,47.221,0.0,0.0,14.610);
CreateObject(8237,-1953.482,254.889,40.043,0.0,0.0,0.0);
CreateObject(8237,-1945.266,264.769,40.043,0.0,0.0,176.184);
CreateObject(5268,-1879.623,323.547,53.823,0.0,0.0,-44.691);
CreateObject(8169,-1871.642,331.930,54.246,0.0,0.0,16.329);
CreateObject(8169,-1878.463,331.971,54.269,0.0,0.0,16.329);
CreateObject(8169,-1885.309,332.029,54.268,0.0,0.0,16.329);
CreateObject(8169,-1887.796,332.056,54.266,0.0,0.0,16.329);
CreateObject(8572,-1936.130,273.146,42.947,0.0,0.0,88.522);
CreateObject(8572,-1936.051,276.270,45.907,0.0,0.0,88.522);
CreateObject(8572,-1936.237,268.732,39.524,0.0,0.0,88.522);
CreateObject(968,-1992.321,283.128,32.842,0.0,0.0,-91.100);
CreateObject(970,-1938.317,312.892,47.776,0.0,0.0,86.803);
CreateObject(970,-1938.126,317.395,47.773,0.0,0.0,88.522);
CreateObject(970,-1935.911,319.738,47.773,0.0,0.0,8.594);
CreateObject(970,-1932.910,320.073,47.731,0.0,0.0,0.0);
CreateObject(972,-1917.358,283.152,43.231,0.0,-90.241,0.0);
CreateObject(972,-1910.053,283.199,43.281,0.0,-90.241,0.0);
CreateObject(972,-1902.021,326.496,47.134,0.0,0.0,89.381);
CreateObject(972,-1913.089,326.606,47.249,0.0,0.0,89.381);
CreateObject(990,-1967.053,305.881,48.213,0.0,0.0,90.241);
CreateObject(990,-1966.963,295.853,48.188,0.0,0.0,90.241);
CreateObject(990,-1966.880,285.875,48.138,0.0,0.0,90.241);
CreateObject(990,-1966.793,275.916,48.138,0.0,0.0,90.241);
CreateObject(990,-1966.727,265.923,48.113,0.0,0.0,90.241);
CreateObject(990,-1966.696,255.996,48.113,0.0,0.0,90.241);
CreateObject(4697,-1999.956,267.451,34.172,0.0,0.0,-185.638);
CreateObject(9953,-1903.193,271.610,66.184,0.0,0.0,-225.173);
CreateObject(972,-1901.607,260.171,59.466,0.0,0.0,89.381);
CreateObject(972,-1901.615,260.363,52.197,0.0,0.0,89.381);
CreateObject(972,-1883.779,278.111,59.776,0.0,0.0,177.044);
CreateObject(972,-1898.458,260.341,59.611,0.0,0.0,89.381);
CreateObject(972,-1883.955,277.886,52.543,0.0,0.0,177.044);
CreateObject(972,-1898.794,260.254,52.282,0.0,0.0,89.381);
CreateObject(972,-1891.626,251.253,66.607,0.0,0.0,44.691);
CreateObject(972,-1891.644,251.269,71.841,0.0,0.0,44.691);
CreateObject(972,-1869.623,254.248,63.804,0.0,0.0,134.932);
CreateObject(10008,-1900.905,270.722,65.343,0.0,0.0,103.237);
CreateObject(8169,-1900.995,275.590,60.359,-3.438,-12.032,-27.502);
CreateObject(972,-1912.879,276.908,51.587,0.0,0.0,179.623);
CreateObject(969,-1915.558,287.531,53.933,0.0,0.0,87.663);
CreateObject(972,-1896.388,289.569,53.556,0.0,0.0,68.755);
CreateObject(972,-1896.358,289.624,60.886,0.0,0.0,68.755);
CreateObject(974,-1913.065,297.801,69.916,0.0,0.0,27.502);
CreateObject(969,-1915.957,280.193,67.280,0.0,0.0,-88.522);
CreateObject(969,-1916.184,289.027,67.280,0.0,0.0,-88.522);
CreateObject(969,-1915.819,286.989,67.280,0.0,0.0,90.241);
CreateObject(1730,-1894.411,264.493,53.203,0.0,0.0,177.044);
CreateObject(1740,-1895.197,269.586,53.206,0.0,0.0,-0.859);
CreateObject(1741,-1907.568,269.420,53.204,0.0,0.0,0.0);
CreateObject(1742,-1907.064,264.025,53.203,0.0,0.0,178.763);
CreateObject(1743,-1902.435,265.556,53.267,0.0,0.0,178.763);
CreateObject(1744,-1900.217,270.752,54.532,0.0,0.0,-179.622);
CreateObject(1754,-1911.514,277.553,53.554,0.0,0.0,63.598);
CreateObject(1754,-1908.458,276.538,53.554,0.0,0.0,256.112);
CreateObject(1762,-1899.017,282.609,53.560,0.0,0.0,0.0);
CreateObject(1762,-1896.330,280.161,53.567,0.0,0.0,-117.743);
CreateObject(1765,-1900.138,279.794,53.565,0.0,0.0,113.446);
CreateObject(1765,-1898.102,278.528,53.565,0.0,0.0,164.152);
CreateObject(1765,-1897.117,281.995,53.558,0.0,0.0,298.224);
CreateObject(1813,-1899.053,280.852,53.504,0.0,0.0,-56.723);
CreateObject(1814,-1909.712,276.348,53.548,0.0,0.0,66.177);
CreateObject(1820,-1913.149,282.356,53.553,0.0,0.0,0.0);
CreateObject(1820,-1904.744,281.567,59.060,0.0,0.0,0.0);
CreateObject(1820,-1913.554,279.879,53.553,0.0,0.0,0.0);
CreateObject(1820,-1911.099,281.429,53.553,0.0,0.0,0.0);
CreateObject(2007,-1901.388,264.712,53.203,0.0,0.0,-183.060);
CreateObject(2007,-1900.408,264.648,53.203,0.0,0.0,-183.060);
CreateObject(2007,-1899.451,264.594,53.203,0.0,0.0,-183.060);
CreateObject(2007,-1898.479,264.533,53.203,0.0,0.0,-183.060);
CreateObject(2024,-1897.447,267.380,53.206,0.0,0.0,0.0);
CreateObject(1514,-1906.703,284.619,54.363,0.0,0.0,307.678);
CreateObject(1843,-1915.593,282.876,53.558,0.0,0.0,86.803);
CreateObject(1844,-1915.683,279.899,53.569,0.0,0.0,88.522);
CreateObject(2485,-1898.872,270.983,54.805,0.0,0.0,-85.084);
CreateObject(2485,-1910.196,276.431,54.101,0.0,0.0,-220.016);
CreateObject(2491,-1911.927,281.998,53.553,0.0,0.0,0.0);
CreateObject(1432,-1916.048,315.359,54.635,0.0,0.0,0.0);
CreateObject(1432,-1910.094,313.146,54.637,0.0,0.0,0.0);
CreateObject(1432,-1916.476,309.572,54.625,0.0,0.0,0.0);
CreateObject(1594,-1914.146,325.357,54.989,0.0,0.0,0.0);
CreateObject(1594,-1921.163,324.470,54.989,0.0,0.0,0.0);
CreateObject(1594,-1918.930,319.746,54.982,0.0,0.0,0.0);
CreateObject(1679,-1896.991,316.879,55.951,0.0,0.0,0.0);
CreateObject(1679,-1897.004,316.862,57.786,0.0,0.0,0.0);
CreateObject(1679,-1897.129,316.775,59.621,0.0,0.0,0.0);
CreateObject(1679,-1897.265,316.687,61.456,0.0,0.0,0.0);
CreateObject(8237,-1912.254,282.665,59.625,0.0,0.0,-12.032);
CreateObject(955,-1914.865,272.379,53.955,0.0,0.0,181.341);
CreateObject(955,-1908.989,272.255,53.962,0.0,0.0,181.341);
CreateObject(956,-1913.649,272.381,53.956,0.0,0.0,183.060);
CreateObject(956,-1910.172,272.211,53.988,0.0,0.0,182.201);
CreateObject(1209,-1911.352,272.193,53.552,0.0,0.0,181.341);
CreateObject(1302,-1912.496,272.123,53.552,0.0,0.0,181.341);
CreateObject(1235,-1907.903,272.452,54.062,0.0,0.0,0.0);
CreateObject(1985,-1908.156,267.669,62.739,0.0,0.0,0.0);
CreateObject(1985,-1910.614,269.200,62.714,0.0,0.0,18.908);
CreateObject(1985,-1911.690,265.818,62.658,0.0,0.0,18.908);
CreateObject(3534,-1915.755,296.717,80.470,0.0,0.0,0.0);
CreateObject(3534,-1915.865,264.011,80.470,0.0,0.0,0.0);
CreateObject(3534,-1899.471,263.811,80.475,0.0,0.0,0.0);
CreateObject(3534,-1882.166,246.569,80.475,0.0,0.0,0.0);
CreateObject(3534,-1872.840,255.788,80.519,0.0,0.0,0.0);
CreateObject(3534,-1884.533,267.592,80.519,0.0,0.0,0.0);
CreateObject(3534,-1881.904,270.499,80.523,0.0,0.0,0.0);
CreateObject(3534,-1910.196,299.104,80.534,0.0,0.0,0.0);
CreateObject(3864,-1885.702,271.103,85.009,0.0,0.0,0.0);
CreateObject(3864,-1899.981,266.093,84.948,0.0,-0.859,-61.879);
CreateObject(3864,-1903.785,280.865,84.988,0.0,-0.859,119.462);
CreateObject(3877,-1885.842,271.218,81.498,0.0,0.0,0.0);
CreateObject(3877,-1900.030,266.135,81.311,0.0,0.0,0.0);
CreateObject(3877,-1903.681,280.962,81.787,0.0,0.0,0.0);
CreateObject(16779,-1902.204,280.808,59.324,0.0,0.0,0.0);
CreateObject(16779,-1912.292,276.368,59.179,0.0,0.0,0.0);

	return 1;
}

public OnFilterScriptExit()
{
	return 1;
}

